{
  "height": 24,
  "width": 24,
  "x": 149.60000610351562,
  "y": 1653.199951171875
}